0  33.9861  0.271251  0  0  1.62751
1  44.7536  0.277373  0  0  1.66424
2  32.5908  0.273826  0  0  1.64295
3  14.6613  0.271352  0  0  1.62811
4  18.543  0.270528  0  0  1.62317
5  15.4226  0.267886  0  0  1.60731
6  36.2773  0.270135  0  0  1.62081
7  25.4006  0.268643  0  0  1.61186
8  11.7665  0.278585  0  0  1.67151
9  26.5643  0.271681  0  0  1.63008
10  19.467  0.269239  0  0  1.61543
11  20.0492  0.268184  0  0  1.60911
12  36.5288  0.267029  0  0  1.60217
13  49.7982  0.259285  0  0  1.55571
14  21.9917  0.261911  0  0  1.57146
15  26.8951  0.271018  0  0  1.62611
16  16.8766  0.267873  0  0  1.60724
17  46.3268  0.269793  0  0  1.61876
18  34.1323  0.271405  0  0  1.62843
19  23.9956  0.279644  0  0  1.67786
20  23.4247  0.272898  0  0  1.63739
21  21.767  0.268222  0  0  1.60933
22  29.3445  0.269247  0  0  1.61548
23  15.9799  0.269872  0  0  1.61923
24  25.0242  0.268985  0  0  1.61391
25  14.221  0.269712  0  0  1.61827
26  26.9488  0.268805  0  0  1.61283
27  34.7784  0.265416  0  0  1.5925
28  15.132  0.26896  0  0  1.61376
29  17.5581  0.268427  0  0  1.61056
30  22.1299  0.269298  0  0  1.61579
31  21.2387  0.264562  0  0  1.58737
32  33.4083  0.268711  0  0  1.61226
33  29.605  0.28002  0  0  1.68012
34  18.2651  0.267139  0  0  1.60283
35  9.40999  0.28606  0  0  1.71636
36  19.3557  0.271356  0  0  1.62813
37  20.3411  0.267917  0  0  1.6075
38  13.5429  0.268702  0  0  1.61221
39  19.7113  0.27091  0  0  1.62546
40  28.5983  0.266386  0  0  1.59832
41  33.2178  0.279528  0  0  1.67717
42  22.714  0.27602  0  0  1.65612
43  16.4532  0.26817  0  0  1.60902
44  24.767  0.265944  0  0  1.59567
45  20.7772  0.265642  0  0  1.59385
46  22.9376  0.27443  0  0  1.64658
47  20.9472  0.269945  0  0  1.61967
48  27.7936  0.275799  0  0  1.65479
49  14.7069  0.280079  0  0  1.68047
50  23.4986  0.269295  0  0  1.61577
51  43.383  0.278208  0  0  1.66925
52  17.7445  0.272372  0  0  1.63423
53  14.8041  0.279066  0  0  1.6744
54  22.4255  0.273587  0  0  1.64152
55  37.0712  0.265632  0  0  1.59379
56  24.259  0.270882  0  0  1.62529
57  40.3276  0.266484  0  0  1.5989
58  15.2401  0.270192  0  0  1.62115
59  20.7211  0.267865  0  0  1.60719
60  17.8834  0.269623  0  0  1.61774
61  25.048  0.278769  0  0  1.67261
62  20.592  0.273143  0  0  1.63886
63  13.1456  0.268462  0  0  1.61077
64  17.7153  0.265913  0  0  1.59548
65  31.111  0.265475  0  0  1.59285
66  20.5067  0.267535  0  0  1.60521
67  23.1097  0.270077  0  0  1.62046
68  24.4806  0.267004  0  0  1.60202
69  19.3122  0.265913  0  0  1.59548
70  23.8319  0.269869  0  0  1.61922
71  10.6633  0.278354  0  0  1.67012
72  13.6391  0.266375  0  0  1.59825
73  13.4906  0.27802  0  0  1.66812
74  18.1488  0.266174  0  0  1.59704
75  19.1707  0.269983  0  0  1.6199
76  0  0  0  0  0
77  11.3492  0.283395  0  0  1.70037
78  24.861  0.269785  0  0  1.61871
79  14.0448  0.284604  0  0  1.70762
80  20.0424  0.273424  0  0  1.64055
81  22.4484  0.281589  0  0  1.68953
82  26.6622  0.271502  0  0  1.62901
83  28.0199  0.271292  0  0  1.62775
84  20.4253  0.263819  0  0  1.58291
85  28.1299  0.269699  0  0  1.61819
86  0  0  0  0  0
87  23.6452  0.268729  0  0  1.61238
88  30.2053  0.26285  0  0  1.5771
89  16.8547  0.265412  0  0  1.59247
90  32.3111  0.265496  0  0  1.59298
91  30.5597  0.268146  0  0  1.60888
92  3.25553  0.27098  0  0  1.62588
93  24.795  0.266876  0  0  1.60125
94  21.6658  0.270145  0  0  1.62087
95  -0.600187  0.291359  0  0  1.74816
96  37.6357  0.269543  0  0  1.61726
97  13.6713  0.263256  0  0  1.57953
98  41.3379  0.270213  0  0  1.62128
99  36.9892  0.271781  0  0  1.63068
100  16.83  0.267651  0  0  1.6059
101  17.2048  0.261685  0  0  1.57011
102  15.8139  0.26618  0  0  1.59708
103  25.9934  0.26993  0  0  1.61958
104  9.6834  0.266994  0  0  1.60196
105  12.776  0.26509  0  0  1.59054
106  20.0252  0.267735  0  0  1.60641
107  8.3214  0.266972  0  0  1.60183
108  30.462  0.266357  0  0  1.59814
109  36.4926  0.265991  0  0  1.59595
110  13.7513  0.278964  0  0  1.67378
111  39.9306  0.269643  0  0  1.61786
112  45.2859  0.274455  0  0  1.64673
113  10.6476  0.268165  0  0  1.60899
114  27.4457  0.272562  0  0  1.63537
115  27.9791  0.267461  0  0  1.60476
116  10.2395  0.270748  0  0  1.62449
117  20.8286  0.272395  0  0  1.63437
118  16.0318  0.2704  0  0  1.6224
119  4.52316  0.268074  0  0  1.60844
120  16.7761  0.266868  0  0  1.60121
121  32.3038  0.265419  0  0  1.59251
122  23.9111  0.269349  0  0  1.6161
123  14.7855  0.265156  0  0  1.59094
124  13.4587  0.265963  0  0  1.59578
125  15.9124  0.263897  0  0  1.58338
126  22.1023  0.270188  0  0  1.62113
127  20.2561  0.27076  0  0  1.62456
128  18.9587  0.27141  0  0  1.62846
129  31.0588  0.266986  0  0  1.60192
130  25.2645  0.268711  0  0  1.61227
131  28.3302  0.267435  0  0  1.60461
132  49.5909  0.269392  0  0  1.61635
133  31.4181  0.270346  0  0  1.62207
134  16.2937  0.267421  0  0  1.60453
135  16.3737  0.269536  0  0  1.61722
136  25.7829  0.267675  0  0  1.60605
137  10.8027  0.269783  0  0  1.6187
138  12.9265  0.267792  0  0  1.60675
139  30.989  0.265562  0  0  1.59337
140  34.6668  0.272625  0  0  1.63575
141  16.1226  0.265358  0  0  1.59215
142  23.2306  0.273371  0  0  1.64023
143  26.3227  0.272404  0  0  1.63442
144  15.3952  0.265  0  0  1.59
145  24.6692  0.269395  0  0  1.61637
146  19.7467  0.267627  0  0  1.60576
147  20.838  0.268717  0  0  1.6123
148  54.0412  0.271946  0  0  1.63168
149  23.4316  0.271645  0  0  1.62987
150  3.45935  0.271346  0  0  1.62808
151  29.1748  0.270409  0  0  1.62245
152  15.2271  0.261627  0  0  1.56976
153  22.7497  0.269086  0  0  1.61452
154  8.25097  0.270457  0  0  1.62274
155  23.6019  0.272282  0  0  1.63369
156  35.5506  0.275374  0  0  1.65224
157  44.5355  0.261153  0  0  1.56692
158  63.9226  0.26686  0  0  1.60116
159  38.4731  0.274892  0  0  1.64935
160  29.0598  0.27581  0  0  1.65486
161  25.2184  0.271669  0  0  1.63001
162  0  0  0  0  0
163  0  0  0  0  0
164  0  0  0  0  0
165  0  0  0  0  0
166  0  0  0  0  0
167  0  0  0  0  0
168  0  0  0  0  0
169  0  0  0  0  0
170  0  0  0  0  0
171  0  0  0  0  0
172  0  0  0  0  0
173  0  0  0  0  0
174  0  0  0  0  0
