4.268596944447542e-07
9.6260752201478e-08
4.778525776942491e-07
5.475278381899287e-07
3.259139127640236e-07
4.478518111521535e-07
2.459415841498804e-07
4.379614347204783e-07
5.712425208224227e-07
6.24043850087286e-08
4.5776228051039813e-07
4.268702273972316e-07
5.032550842463106e-07
8.13129629010852e-07
7.323718186004089e-07
3.176925196083291e-07
4.806660799324338e-07
3.2769158778308506e-07
3.543121109224636e-07
7.688494571164501e-07
4.3126714246755894e-07
2.8411265925477203e-07
3.0257489061127646e-07
1.8975734413536656e-07
5.267964965054422e-07
4.2093913917444443e-07
3.3703597452684863e-07
3.4734778489856744e-07
4.581353608054477e-07
5.387026727711257e-07
2.4987600839650865e-07
2.9433885764585104e-07
4.110089256204487e-07
-8.476014958563514e-07
5.155772104348507e-07
8.207140674466346e-07
3.5780051168459716e-07
5.83367491139758e-07
4.4420608964181643e-07
3.0701506588756157e-07
2.6804764718793e-07
-5.045953493354924e-08
3.641083090474165e-07
1.959328195229915e-07
4.4084721662282263e-07
4.670585778148764e-07
4.5527470659614486e-07
2.2474457958557373e-07
5.484258121973254e-07
3.8472262187302373e-07
4.851563140070308e-07
3.024161096733835e-07
2.4811548228961856e-07
6.503308185692127e-07
4.314340783653127e-07
7.067550020637316e-07
6.678024288096457e-07
6.254808844011584e-07
2.7682529347231054e-07
3.8287814154832596e-07
4.5736236882794466e-07
2.5829334715393335e-07
2.740721564875653e-07
4.961900026422526e-07
5.235114285166356e-07
7.56388737986456e-07
4.042037696529746e-07
3.6604301401602463e-07
5.686326811833594e-07
6.156411552238742e-07
4.928421809480116e-07
7.187082759530008e-08
4.926739515000999e-07
6.846023507691071e-07
7.910014117214374e-07
5.727151274420507e-07
0.0
5.432322585933399e-07
3.759825278171831e-07
-8.207390089244567e-07
4.74471169861667e-07
3.921745369653139e-07
2.0115480698448875e-07
4.2281124220520947e-07
4.367313953080358e-07
5.017290358044303e-07
0.0
4.0636671574014454e-07
5.740892506575877e-07
4.243160584005728e-07
7.444879067891021e-07
1.9885097220266273e-07
4.4799598320303144e-07
7.086151128419735e-07
7.532868983603415e-07
-5.695320665940925e-07
4.7322733168546757e-07
7.526137191579939e-07
3.3570126432898484e-07
1.7623955973297312e-07
4.255958440563455e-07
4.537722496429396e-07
4.900798063716698e-07
3.463439793093024e-07
8.245562705970992e-07
4.589283806167607e-07
3.5757775988010945e-07
3.1793374535971543e-07
8.082754137864635e-07
5.681573386184002e-07
1.3215070914242801e-07
2.402091925518421e-07
2.8421314898229613e-07
3.8119485324213005e-07
6.973252276298627e-07
3.42217093109919e-07
3.71466932616435e-07
4.4454478767824914e-08
4.85767138659916e-07
2.545630997005544e-07
3.936753937391644e-07
5.650434130380027e-08
8.08493514937095e-08
2.4209282603385294e-07
1.7120702912081568e-07
3.70779431817324e-07
5.141106824157404e-07
4.292931809998864e-07
8.586199394450055e-07
5.402091280900814e-07
3.1931712204002196e-07
2.8216056270189317e-07
4.1564729312145316e-07
3.432285955681074e-07
4.2053492864608333e-07
2.584166869258197e-07
4.3911600143521805e-07
1.5128392490087135e-07
5.099975339538435e-07
3.54190006598515e-07
3.026572460213815e-07
5.189922983580286e-07
4.3905707413594994e-07
1.2393207800644774e-07
2.9313603991159e-07
-5.41055612522597e-07
2.257148463661755e-07
2.9717009275286493e-07
7.048861508224743e-07
2.801051726418182e-07
4.6999821323214365e-07
2.0768497118534012e-07
5.391034837233323e-07
4.1685357686178305e-07
4.453258569826345e-07
4.75687835779239e-07
-5.93401647871994e-07
3.6114064730762165e-07
-1.842223378490014e-07
1.2667426211212187e-08
-9.739788497455504e-08
