3.427184193421291e-07
-4.625736946811387e-07
2.4403054463733534e-07
5.244521630738616e-07
2.852746860010737e-07
1.77648933285665e-07
2.3752561170458328e-07
-6.208634853954707e-07
1.390047313522232e-07
-4.264688336155353e-07
2.134799445479053e-07
3.2664944760116626e-07
1.8068978638109416e-07
5.03360051081789e-07
1.596688002118193e-07
4.3504173356267223e-07
4.423109106470766e-07
-6.210498976482309e-07
4.908490884512653e-07
3.2626149839900286e-07
6.928321496145818e-07
-3.108741277804279e-08
7.632751393937066e-07
3.150147748217397e-07
2.5625917388534807e-07
5.458955930712459e-07
6.105498515979988e-07
3.0507692997267594e-07
1.2614506818604327e-08
9.043709454340425e-07
7.793803513625005e-07
1.1267623548052854e-07
1.35898493449204e-07
7.988494017401032e-07
3.1633498556433915e-07
5.493704490781041e-07
3.829320534680926e-07
4.35282251277895e-07
8.746924799341449e-07
4.522337836198732e-07
5.9523269517266874e-08
9.736386482875276e-07
3.5774739478791477e-07
5.608051924178288e-07
-3.738270314951745e-07
4.113138037145532e-07
6.031587891478841e-07
6.97393514735353e-07
3.459848132680737e-07
3.4465680171357015e-07
4.491805357429458e-07
3.294623131847598e-07
1.288459324123567e-07
3.858160380958082e-07
8.958006650982725e-07
3.03218077028329e-07
3.0375344921494855e-07
-6.38115335580399e-07
5.992263987209452e-07
6.834097595924225e-08
2.7253927936349144e-07
4.5598654337617967e-07
6.932091802093269e-07
1.3285625812822577e-07
4.855079456123101e-07
1.044701470516774e-07
-1.673041096050429e-07
6.916225852033585e-07
3.4594565388565797e-07
1.5467633217348638e-06
6.814990229741241e-07
7.062075890705725e-07
3.5553635389939305e-07
9.663338409424064e-07
1.6005134168510915e-07
5.492424740571033e-07
0.0
3.8038921359588586e-07
-1.1754820432068638e-07
1.1091225433617994e-06
1.933226327158599e-07
4.1268944978862085e-07
2.878841439484056e-07
3.606664781114969e-07
4.439530636221424e-07
4.1796021386508666e-07
0.0
8.040468896335018e-07
2.0700514481224863e-07
7.739288549968893e-07
3.97825267453837e-07
5.981747896153858e-08
4.970948367277644e-07
1.0380223826894235e-07
6.64635818397189e-07
6.419105399136592e-07
-2.691358043302865e-07
6.24586801551866e-08
2.614282370616348e-07
1.8153143502980373e-07
4.993689735844977e-08
3.603917176335106e-10
3.119556706326067e-07
1.0384006318972596e-07
3.0107842648601226e-07
5.366128388946594e-07
1.996162991840439e-07
6.455765744560984e-07
4.14259613306085e-07
3.814214766653821e-07
1.7218857630445586e-07
6.729206506514192e-07
-2.251823593242532e-07
6.986949425438876e-07
6.859130175338216e-07
2.811421410983292e-07
4.2569943926434187e-07
5.181173964835517e-07
5.802322766487987e-07
5.306115342268998e-07
5.754922699008061e-07
2.081423256957299e-07
-2.531554677900991e-07
4.486747713063872e-07
4.1550626979866394e-08
3.247427509955959e-07
2.604457419143168e-07
4.199300743189111e-07
5.98512421219111e-07
2.050076659134628e-07
2.0565729952804426e-07
5.730657197090803e-07
-5.758630273067295e-07
6.61982088141112e-07
2.8322597184042913e-07
5.798157449867899e-07
3.7910146761352395e-08
5.744133747190331e-07
6.377187336172212e-07
2.779863906619043e-07
2.8431241220519373e-07
6.070463020895544e-07
2.1886982439565782e-07
2.1624719622371214e-07
2.44866765857847e-07
1.881510223260831e-07
2.563254040247427e-07
1.1934063556032448e-07
1.5759036216299522e-07
2.5721949311998495e-07
1.0333749474421402e-06
3.5163869080477644e-07
4.3180300731614984e-08
3.9881911662304646e-07
9.784702489321901e-07
8.098377114320693e-08
4.692628894433395e-07
1.76195303615136e-07
-3.733721894542385e-07
4.533811982701804e-07
-4.019859889257856e-07
